"The Hindu
@the_hindu
·
17h",Indian and U.K. officials will continue their negotiations till the month-end to iron out differences on the proposed free trade agreement,20,2023-08-27T22:00:02.000Z
